044 3582
044 3612
044 5236
044 5833
044 5860
044 7370
044 7397
044 9669
044 9671
044 33593
044 37905
044 38239
044 39753
044 39754
044 44673
044 51194
044 51429
044 54459
044 54515
044 54517
044 54534
044 54961
044 54989
044 55081
044 55207
044 55208
044 55363
044 55364
044 57484
044 61255
044 61348
044 61986
044 62059
044 62117
044 62118
044 62187
044 65534
044 65545
044 65837
044 65865
044 66047
044 67483
044 67883
044 68062
044 68510
044 68528
044 68529
044 68894
044 69879
044 70231
044 70232
044 71320
044 71352
044 71353
044 71388
044 71435
044 71879
044 71945
044 75069
044 76964
044 77097
044 77118
044 77289
044 79553
044 82356
044 82390
044 82391
044 83273
044 83274
044 83283
044 87448
044 87496
044 91853
044 92583
044 92865
044 100775
044 107078
044 109069
044 124888
044 124938
044 128623
044 132006
044 132051
044 134578
044 134582
044 143301
044 144226
044 144516
044 152311
044 154328
044 155408
044 160917
044 171139
044 174067
044 208318
044 209106
044 209466
044 209651
044 215962
044 228225
044 228638
044 231495
044 233425
044 235230
044 235999
044 238453
044 239149
044 239625
044 240038
044 245020
044 247908
044 249284
044 249512
044 249833
044 249872
044 255056
044 260203
044 268868
044 270842
044 272333
044 273069
044 280107
044 280457
044 280520
044 281236
044 296713
044 296794
044 323040
044 324601
044 334373
044 345113
044 347880
044 347882
044 347888
044 347890
044 347917
044 349696
044 349698
044 349700
044 349710
044 349946
044 350215
044 350233
044 350236
044 350238
044 352724
044 353364
044 354354
044 367960
044 389798
044 389849
044 404244
044 406247
044 408425
044 410103
044 435431
044 435624
044 435697
044 436396
044 438476
044 438651
044 439475
044 449965
044 449988
044 450095
044 453244
044 453329
044 453425
044 456365
044 456407
044 473223
044 473236
044 482502
044 482512
044 488829
044 489599
044 489619
044 489627
044 489638
044 489872
044 490811
044 490813
044 494224
044 494299
044 494323
044 494732
044 494826
044 494831
044 494832
044 500991
044 502444
044 502679
044 506847
044 512348
044 512357
044 514146
044 514541
044 514550
044 514675
044 516781
